8.14723686393179	6.31188734269011
9.05791937075619	3.55073651878849
1.26986816293506	9.97003271606648
9.13375856139019	2.24171498983127
6.32359246225410	6.52451072968615
0.975404049994095	6.04990641908259
2.78498218867048	3.87245431483135
5.46881519204984	1.42187159290504
9.57506835434298	0.251349857102031
9.64888535199277	4.21112253765241
1.57613081677548	1.84100289427511
9.70592781760616	7.25775267469453
9.57166948242946	3.70362686515198
4.85375648722841	8.41560087468206
8.00280468888800	7.34229691193313
1.41886338627215	5.71025872824379
4.21761282626275	1.76855057625303
9.15735525189067	9.57384022595723
7.92207329559554	2.65322036192920
9.59492426392903	9.24580895239601
6.55740699156587	2.23770404697041
0.357116785741896	3.73563807642645
8.49129305868777	0.875003495765857
9.33993247757551	6.40116548246715
6.78735154857773	1.80616887753108
7.57740130578334	0.450511074735742
7.43132468124916	7.23173479183095
3.92227019534168	3.47437645581790
6.55477890177557	6.60616824502904
1.71186687811562	3.83868601071971
7.06046088019609	6.27346502443467
0.318328463774207	0.216498146303065
2.76922984960890	9.10569988523029
0.461713906311539	8.00558656278811
0.971317812358475	7.45847484342721
8.23457828327293	8.13112813610761
6.94828622975817	3.83306318625529
3.17099480060861	6.17279232316449
9.50222048838355	5.75494859702814
0.344460805029088	5.30051704765016
4.38744359656398	2.75069755821935
3.81558457093008	2.48628959661970
7.65516788149002	4.51638770451973
7.95199901137063	2.27712826026548
1.86872604554379	8.04449583613070
4.89764395788231	9.86104241895970
4.45586200710900	0.299919502693899
6.46313010111265	5.35664190667238
7.09364830858073	0.870772199008923
7.54686681982361	8.02091440555804
2.76025076998578	9.89144909700340
6.79702676853675	0.669462583977502
6.55098003973841	9.39398361884535
1.62611735194631	0.181775336366957
1.18997681558377	6.83838613746355
4.98364051982143	7.83736480083219
9.59743958516081	5.34137567882728
3.40385726666133	8.85359450931142
5.85267750979777	8.99004898906140
2.23811939491137	6.25937626080496
7.51267059305653	1.37868992412558
2.55095115459269	2.17801593712125
5.05957051665142	1.82141075890434
6.99076722656686	0.418198639729543
8.90903252535799	1.06941658550207
9.59291425205444	6.16443485085685
5.47215529963803	9.39661010161067
1.38624442828679	3.54455730967329
1.49294005559057	4.10629090059514
2.57508254123736	9.84349416984452
8.40717255983663	9.45579189035263
2.54282178971531	6.76644678433539
8.14284826068816	9.88302262313286
2.43524968724989	7.66831387216594
9.29263623187228	3.36699264391476
3.49983765984809	6.62381860399481
1.96595250431208	2.44165286790279
2.51083857976031	2.95507250831597
6.16044676146639	6.80178371230502
4.73288848902729	5.27846830418798
3.51659507062997	4.11593513407535
8.30828627896291	6.02638218036397
5.85264091152724	7.50520055923736
5.49723608291140	5.83533174261959
9.17193663829810	5.51792514935968
2.85839018820374	5.83570618757714
7.57200229110721	5.11819919958475
7.53729094278495	0.825927269986994
3.80445846975357	7.19570134859490
5.67821640725221	9.96156111296869
0.758542895630636	3.54534304956922
0.539501186666072	9.71258815183406
5.30797553008973	3.46448761300360
7.79167230102011	8.86543861760306
9.34010684229183	4.54694864991908
1.29906208473730	4.13427289020815
5.68823660872193	2.17732068357300
4.69390641058206	1.25654587362626
0.119020695012414	3.08914593566815
3.37122644398882	7.26104431664832
1.62182308193243	7.82872072979123
7.94284540683907	6.93787614986897
3.11215042044805	0.0980225226306208
5.28533135506213	8.43213338010510
1.65648729499781	9.22331997796276
6.01981941401637	7.70954220673925
2.62971284540144	0.426598559350487
6.54079098476782	3.78186137050219
6.89214503140008	7.04339624483368
7.48151592823709	7.29513045504647
4.50541598502498	2.24277070664514
0.838213779969326	2.69054731773365
2.28976968716819	6.73031165004119
9.13337361501670	4.77492197726861
1.52378018969223	6.23716412667443
8.25816977489548	2.36444932640910
5.38342435260057	1.77123754498317
9.96134716626886	8.29643385697585
0.781755287531837	7.66921667935265
4.42678269775446	9.34478273118270
1.06652770180584	1.07888905084364
9.61898080855054	1.82227505601056
0.0463422413406744	0.990952824224585
7.74910464711502	4.89763801923447
8.17303220653433	1.93245330468871
8.68694705363510	8.95891573792568
0.844358455109103	0.990896496818146
3.99782649098897	0.441655717626611
2.59870402850654	5.57295155804762
8.00068480224308	7.72495067187624
4.31413827463545	3.11940057496269
9.10647594429523	1.78982479314335
1.81847028302852	3.38955678247718
2.63802916521990	2.10145637043552
1.45538980384717	5.10152519765250
1.36068558708664	9.06364323265215
8.69292207640089	6.28923938652318
5.79704587365570	1.01533888812312
5.49860201836332	3.90854752726355
1.44954798223727	0.546166152236576
8.53031117721894	5.01282913203215
6.22055131485066	4.31721171884247
3.50952380892271	9.97560349512189
5.13249539867053	8.11602580995323
4.01808033751942	4.85651669898018
0.759666916908419	8.94447755567393
2.39916153553658	1.37546594767065
1.23318934835166	3.90004914445285
1.83907788282417	9.27356224998125
2.39952525664903	9.17493832416117
4.17267069084370	7.13574011594316
0.496544303257421	6.18337383621940
9.02716109915281	3.43287890241345
9.44787189721646	9.36027326689770
4.90864092468080	1.24774040660493
4.89252638400019	7.30585361505707
3.37719409821377	6.46477432425814
9.00053846417662	8.33151985669295
3.69246781120215	3.98282228218775
1.11202755293787	7.49822209360636
7.80252068321138	8.35220510478131
3.89738836961253	3.22460397362259
2.41691285913833	5.52261616858355
4.03912145588115	9.79129132433892
0.964545251683886	5.49308533018303
1.31973292606335	3.30423609606603
9.42050590775485	6.19471555177780
9.56134540229802	3.60636571002203
5.75208595078466	7.56509543501944
0.597795429471558	4.13900748690190
2.34779913372406	4.92345104384938
3.53158571222071	6.94743233132610
8.21194040197959	9.72733885079784
0.154034376515551	3.27754960493407
0.430238016578078	8.37803183078576
1.68990029462704	7.39072227273528
6.49115474956452	9.54174456379543
7.31722385658670	0.319226295039784
6.47745963136307	3.56868986182542
4.50923706430945	6.62653834287215
5.47008892286345	2.81501559148491
2.96320805607773	2.30383067317464
7.44692807074156	7.11128551180325
1.88955015032545	6.24572916993309
6.86775433365315	5.90608652919636
1.83511155737270	6.60437966312602
3.68484596490337	0.475546731138661
6.25618560729690	3.48784808510059
7.80227435151377	4.51340580355743
0.811257688657853	2.40904997120111
9.29385970968730	7.15045013296177
7.75712678608402	8.56182292006288
4.86791632403172	2.81507695118553
4.35858588580919	7.31050829723742
4.46783749429806	1.37762892519516
3.06349472016557	8.36722781749718
5.08508655381127	1.38601715742360
5.10771564172110	5.88209385389494
8.17627708322262	3.66156800454938
7.94831416883453	8.06759544661106
6.44318130193692	5.03780785776156
3.78609382660268	4.89594338723354
8.11580458282477	8.77048723385044
5.32825588799455	3.53141812938956
3.50727103576883	4.49443556571748
9.39001561999887	9.63530286843427
8.75942811492984	0.422977979145428
5.50156342898422	9.72958334140635
6.22475086001228	1.89206843122376
5.87044704531417	6.67120300040075
2.07742292733029	5.86439614678918
3.01246330279491	6.75112416405115
4.70923348517591	3.61022049194661
2.30488160211559	6.20278427071086
8.44308792695389	8.11150885100285
1.94764289567049	0.192574774141414
2.25921780972399	0.838735082828999
1.70708047147859	9.74801667184890
2.27664297816554	6.51349532415353
4.35698684103899	2.31237816164352
3.11102286650413	4.03491143124590
9.23379642103244	1.22020518252130
4.30207391329584	2.68438821397283
1.84816320124136	2.57846170112605
9.04880968679893	3.31665238742629
9.79748378356085	1.52234012862946
4.38869973126103	3.48007659716113
1.11119223440599	1.21658454307726
2.58064695912067	8.84153057749660
4.08719846112552	0.942783900641461
5.94896074008614	9.30040626107489
2.62211747780845	3.99019969034556
6.02843089382083	0.474014620291507
7.11215780433683	3.42373503160740
2.21746734017240	7.35966158880164
1.17417650855806	7.94682157333805
2.96675873218327	5.44905898244672
3.18778301925882	6.86223462984041
4.24166759713807	8.93632695933602
5.07858284661118	0.547917899197324
0.855157970900440	3.03661379717016
2.62482234698333	0.461915563315478
8.01014622769739	1.95476763633798
0.292202775621463	7.20165802516526
9.28854139478045	7.21753273499297
7.30330862855453	8.77799071151527
4.88608973803579	5.82432964487410
5.78525061023439	0.706843353866500
2.37283579771522	9.22744570189092
4.58848828179931	8.00372092351107
9.63088539286913	2.85946856420363
5.46805718738968	5.43663232841362
5.21135830804002	9.84776236970610
2.31594386708524	7.15678067126622
4.88897743920167	8.38969597330000
6.24060088173690	4.33260561007948
6.79135540865748	4.70624715606541
3.95515215668593	5.60713411044556
3.67436648544477	2.69091543530998
9.87982003161633	7.49018467641946
0.377388662395521	5.03887773460489
8.85168008202475	6.46809666272780
9.13286827639239	3.07745582030941
7.96183873585212	1.38724636078145
0.987122786555743	4.75572933797563
2.61871183870716	3.62459280818746
3.35356839962797	7.88113428398547
6.79727951377338	7.80295820844110
1.36553137355370	6.68512214253545
7.21227498581740	1.33503859661312
1.06761861607241	0.215558872034970
6.53757348668560	5.59840705872510
4.94173936639270	3.00819018069489
7.79051723231275	9.39409713873458
7.15037078400694	9.80903636046859
9.03720560556316	2.86620388894259
8.90922504330789	8.00820286951535
3.34163052737496	8.96111351432604
6.98745832334795	5.97526576817830
1.97809826685929	8.84016735723820
0.305409463046367	9.43731541195792
7.44074260367462	5.49158087419903
5.00022435590201	7.28386824594357
4.79922141146060	5.76758297858010
9.04722238067363	0.258574710831396
6.09866648422559	4.46530978284814
6.17666389588455	6.46301957350656
8.59442305646212	5.21202952672418
8.05489424529686	3.72312660779512
5.76721515614685	9.37134666341562
1.82922469414914	8.29532824526515
2.39932010568717	8.49085479954455
8.86511933076101	3.72534239899540
0.286741524641061	5.93184575218490
4.89901388512224	8.72552564647559
1.67927145682257	9.33501608507105
9.78680649641159	6.68464274361376
7.12694471678914	2.06776457935105
5.00471624154843	6.53850592062588
4.71088374541939	0.720515512206499
0.596188675796392	4.06726915089364
6.81971904149063	6.66931533207499
0.424311375007417	9.33725659545930
0.714454646006424	8.10950032238265
5.21649842464284	4.84548271834990
0.967300257808670	7.56749210065512
8.18148553859625	4.17047453742767
8.17547092079286	9.71785992989294
7.22439592366842	9.87974701230832
1.49865442477967	8.64147529031203
6.59605252908307	3.88883775912429
5.18594942510538	4.54741828039112
9.72974554763863	2.46687197638079
6.48991492712356	7.84423093024177
8.00330575352401	8.82837605583053
4.53797708726920	9.13711681293018
4.32391503783462	5.58284923622275
8.25313795402046	5.98868102746205
0.834698148589140	1.48876720337549
1.33171007607162	8.99713484535739
1.73388613119006	4.50393580652116
3.90937802323736	2.05672339463963
8.31379742839070	8.99650990509081
8.03364391602440	7.62585539373227
0.604711791698936	8.82486307400298
3.99257770613576	2.84950218024821
5.26875830508296	6.73225986452258
4.16799467930787	6.64279904418051
6.56859890973707	1.22814993899526
6.27973359190104	4.07318423056813
2.91984079961715	2.75286951315690
4.31651170248720	7.16669740639142
0.154871256360190	2.83384381628936
9.84063724379154	8.96198856849495
1.67168409914656	8.26578892313560
1.06216344928664	3.90026512813998
3.72409740055537	4.97902942964187
1.98118402542975	6.94805192672494
4.89687638016024	8.34369001099938
3.39493413390758	6.09629689675732
9.51630464777727	5.74737160856408
9.20332039836564	3.26042170922791
0.526769976807926	4.56424600851747
7.37858095516997	7.13795583233135
2.69119426398556	8.84405045275995
4.22835615008808	7.20855670816932
5.47870901214845	0.186127747263861
9.42736984276934	6.74776467128286
4.17744104316662	4.38508824236513
9.83052466469856	4.37820179166270
3.01454948712065	1.17036819505658
7.01098755900926	8.14681689518582
6.66338851584426	3.24855438630509
5.39126465042857	2.46228114234641
6.98105520180308	3.42713221123280
6.66527913402587	3.75692140009588
1.78132454400338	5.46553793082959
1.28014399720173	5.61920154265977
9.99080394761361	3.95822228624001
1.71121066356432	3.98130879531336
0.326008205305280	5.15367219211572
5.61199792709660	6.57530542095911
8.81866500451810	9.50915198264959
6.69175304534394	7.22348514327498
1.90433267179954	4.00079745362338
3.68916546063895	8.31871339329810
4.60725937260412	1.34338341728708
9.81637950970750	0.604667719398284
1.56404952226563	0.842470523146596
8.55522805845911	1.63898318329708
6.44764536870088	3.24219920294049
3.76272210278832	3.01726777204647
1.90923695236303	0.116809911303396
4.28252992979386	5.39905093849625
4.82022061031856	0.953726926278216
1.20611613297162	1.46514856442232
5.89507484695059	6.31141207014955
2.26187679752676	8.59320411428785
3.84619124369411	9.74221631238713
5.82986382747674	5.70838427472184
2.51806122472313	9.96850214574949
2.90440664276979	5.53541573495533
6.17090884393223	5.15458454840326
2.65280909810029	3.30682065990267
8.24376266688835	4.30001798393396
9.82663399721950	4.91806253603745
7.30248792267598	0.710370839129527
3.43877004114983	8.87739215532716
5.84069333278452	0.646335910508684
1.07769015243743	4.36184955731448
9.06308150649733	8.26629506618892
8.79653724481905	3.94534684233034
8.17760559370642	6.13474881705262
2.60727999055465	8.18640735082209
5.94356250664331	8.86235039062606
0.225125927402318	9.31111627487221
4.25259320214135	1.90784648009122
3.12718886820616	2.58582251418772
1.61484744311750	8.97865684840299
1.78766186752368	5.93361860386109
4.22885689100085	5.03840081846848
0.942293388877347	6.12809588835559
5.98523668756741	8.19422242231876
4.70924256358334	5.31889169492926
6.95949313301608	2.02075096548432
6.99887849928292	4.53893465680522
6.38530758271838	4.27910919820171
0.336038360664295	9.66052749611999
0.688060991180512	6.20055054133474
3.19599735180496	6.95389951918004
5.30864280694127	7.20164612017979
6.54445707757066	3.46895190287614
4.07619197041153	5.16990420525310
8.19981222781941	5.56694632012102
7.18358943205884	1.56495219114045
9.68649330231094	5.62056045561775
5.31333906565675	6.94803289108456
3.25145681820560	4.26455535710237
1.05629203329022	8.36270420676314
6.10958658746201	7.31387066161933
7.78802241824093	3.60031042085772
4.23452918962738	4.54212371853399
0.908232857874395	3.86389898592172
2.66471490779072	7.75554642250536
1.53656717591307	7.34271105685939
2.81005302533871	4.30277845074156
4.40085139001721	6.93752574133914
5.27142741760652	9.45213487168460
4.57424365687674	7.84232598231741
8.75371598604185	7.05571858131069
5.18052108361104	1.09334239524346
9.43622624548388	3.89930657156485
6.37709098072174	5.90904730405336
9.57693939841583	4.59380047966325
2.40707035480160	0.503399867389541
6.76122303863752	2.28687584020221
2.89064571674477	8.34189061056900
6.71808165414215	0.156446926965270
6.95140499551737	8.63710865055866
0.679927684700106	0.780690530324343
2.54790156597005	6.69042590081555
2.24040030824219	5.00211324281102
6.67832727013717	2.17993798750154
8.44392156527205	5.71615725404089
3.44462411301042	1.22189150923420
7.80519652731358	6.71166232988653
6.75332065747000	5.99585548122814
0.0671531431847749	0.559761573877905
6.02170487581795	0.563430185433568
3.86771194520985	1.52500637002470
9.15991244131425	0.196210667655841
0.0115105712910724	4.35175545696952
4.62449159242329	8.32221475282818
4.24349039815375	6.17390171454084
4.60916366028964	5.20129415310742
7.70159728608609	8.63868222933611
3.22471807186779	0.976979181614431
7.84739294760742	9.08052203186769
4.71357153710612	1.08016694136759
0.357627332691179	5.16996758096945
1.75874415683531	1.43156022083576
7.21758033391103	5.59370572403004
4.73485992965320	0.0457962394732347
1.52721200438232	7.66681998621487
3.41124607049109	8.48709226458282
6.07389213768347	9.16821270253738
1.91745255461798	9.86968274783658
7.38426839976942	5.05133101798823
2.42849598318169	2.71421624417515
9.17424342049382	1.00750511921236
2.69061586686018	5.07848830829537
7.65500016621438	5.85609125701878
1.88661976791491	7.62887095910741
2.87498173066131	0.829626491105439
0.911134636865350	6.61596193082714
5.76209380663007	5.16979014706213
6.83363243294653	1.71048017525447
5.46593114590323	9.38557864331843
4.25728841871188	5.90483177142572
6.44442781431336	4.40634680760840
6.47617630172684	9.41918930311283
6.79016754093202	6.55913820257141
6.35786710514084	4.51945709260386
9.45174113109401	8.39697420719669
2.08934922426023	5.32623502474346
7.09281702710545	5.53887065791275
2.36230576993797	6.80065530083361
1.19396247797306	3.67189905317367
6.07303940685635	2.39290606193545
4.50137696965896	5.78923492459094
4.58725493648868	8.66887054672508
6.61944751905652	4.06776760215226
7.70285514803660	1.12615141025047
3.50218013441105	4.43845836726957
6.62009598359135	3.00184401213900
4.16158589969797	4.01386853814493
8.41929152691309	8.33363563453134
8.32916819075216	4.03628662773607
2.56440992229147	3.90175938130607
6.13460736812875	3.60448893378945
5.82249164527227	1.40255359269444
5.40739337124410	2.60130194112440
8.69941032358007	0.868151008658337
2.64779026475630	4.29397337085805
3.18074075481059	2.57282784769860
1.19214541054191	2.97555384151118
9.39829470344921	4.24858411704626
6.45551874972524	1.19207259421287
4.79463224948888	4.95066923800459
6.39316961040108	7.06407227537560
5.44716110526763	2.43573372680951
6.47311480293128	7.85070081934006
5.43885933999639	0.740895768609269
7.21046620579811	3.93883426981697
5.22495305777102	0.0339412296430741
9.93704624120852	2.20676891933024
2.18676632399634	0.0130056870059614
1.05798273250228	1.89179670994735
1.09697464523194	1.42484054820971
0.635913709751057	2.68075999123376
4.04579995857626	1.74892065335783
4.48372912066495	1.38648971592595
3.65816176838171	5.98885610367865
7.63504640848813	9.01057905682726
6.27896379614169	9.39379765884238
7.71980385554245	2.21184455939078
9.32853570278820	4.82671375396414
9.72740854003014	3.76011115924755
1.92028349427775	5.23780036965870
1.38874202829155	2.64872593548590
6.96266337082995	0.683572204708292
0.938200267748656	4.36327077480103
5.25404403859336	1.73853037365001
5.30344218392863	0.261071081549049
8.61139811393332	9.54678274080450
4.84853333552102	4.30596519859417
3.93456361215266	9.61558573103663
6.71431139674026	7.62414484002993
7.41257943454207	0.0734866110284693
5.20052467390387	6.80038640460139
3.47712671277525	7.05950754248883
1.49997253831683	6.45128786607383
5.86092067231462	5.52309844507730
2.62145317727807	2.18108729783280
0.444540922782385	7.72366213613043
7.54933267231179	2.28028323600450
2.42785357820962	3.70864718973405
4.42402313001943	8.90928821025695
6.87796085120107	8.56376907728261
3.59228210401861	4.02433549813444
7.36340074301202	3.18019117496735
3.94707475278763	6.08635430634990
6.83415866967978	9.10195226694482
7.04047430334266	9.09098187800882
4.42305413383371	5.91594408907438
0.195776235533187	3.32571407335551
3.30857880214071	8.53063629209919
4.24309496833137	4.42397893041165
2.70270423432065	9.04355478217944
1.97053798095456	0.331794059521274
8.21721184961310	5.32426482500133
4.29921409383266	7.16497346504382
8.87770954256354	1.79301843821789
3.91182995461163	3.36532925801063
7.69114387388296	1.87712948575267
3.96791517013617	3.21927183182924
8.08514095887345	4.03856711230207
7.55077099007084	5.48566299856964
3.77395544835103	0.487385927822667
2.16018915961394	5.52732133178943
7.90407217966913	2.74811404837501
9.49303911849797	2.41501741734112
3.27565434075205	2.43145179406551
6.71264370451740	1.54159449170074
4.38644982586956	9.56416361008024
8.33500595588975	9.35661375516600
7.68854252429615	8.18714437208244
1.67253545494722	7.28261847822834
8.61980478702072	1.75811728275530
9.89872153631504	3.60370977042454
5.14423456505704	1.88789972641605
8.84281023126955	0.0119839684004341
5.88026055308498	3.16419513732543
1.54752348656045	6.99616986397056
1.99862822857452	6.25255180179041
4.06954837138907	5.43062175343852
7.48705718215691	4.39037203387669
8.25583815786156	2.87427267482543
7.89963029944531	5.01659106746690
3.18524245398992	7.61546185669647
5.34064127370726	7.62408048788714
0.899506787705811	5.76055901496557
1.11705744193203	7.47662837641716
1.36292548938299	6.45534505981322
6.78652304800188	1.23219518324506
4.95177019089661	5.04397860092767
1.89710406017580	3.47261312721634
4.95005824990221	0.921476848051044
1.47608221976689	1.47849468032519
0.549741469061882	1.98169701066402
8.50712674289007	6.72270237457429
5.60559527354885	4.31511182901891
9.29608866756663	6.94403909684554
6.96667200555228	2.56784563270148
5.82790965175840	0.0975864988515951
8.15397211477421	5.32283071060889
8.79013904597178	2.79391965252965
9.88911616079589	9.46230153519927
0.00522375356944771	9.06443266510002
8.65438591013025	3.92684575974112
6.12566469483999	0.248552338448721
9.89950205708831	6.71436796572460
5.27680069338442	8.37170635377055
4.79523385210219	9.71499638311263
8.01347605521952	0.569328854352480
2.27842935706042	4.50323812733453
4.98094291196390	5.82470301736287
9.00852488532005	6.86637814496303
5.74661219130188	7.19432752595998
8.45178185054037	6.50040751925391
7.38640291995402	7.26914550912652
5.85987035826476	3.73847665839982
2.46734525985975	5.81582083212866
6.66416217319468	1.16118512779400
0.834828136026227	0.576543612148722
6.25959785171583	9.79765223975987
6.60944557947342	2.84823726860618
7.29751855317221	5.94974298809596
8.90752116325322	9.62161031011260
9.82303222883606	1.85778263408578
7.69029085335896	1.93039815977027
5.81446487875398	3.41644104645142
9.28313062314188	9.32897895818081
5.80090365758442	3.90667536617596
0.169829383372613	2.73216707999963
1.20859571098558	1.51947079846844
8.62710718699670	3.97108842743452
4.84296511212103	3.74722466951243
8.44855674576263	1.31114707043005
2.09405084020935	4.35040717895627
5.52291341538775	0.915131672126108
6.29883385064421	6.14626958012946
0.319910157625669	0.109790922908117
6.14713419117141	5.73260383263372
3.62411462273053	7.89729858025762
0.495325790420612	2.35366773150869
4.89569989177322	4.48019713464051
1.92510396062075	5.69358183284932
1.23083747545945	0.614014422908470
2.05494170907680	4.96288885639885
1.46514910614890	6.42315234585299
1.89072174472614	2.21265730127105
0.426524109111434	8.37056445531881
6.35197916859882	9.71075231442514
2.81866855880430	8.46372887693173
5.38596678045340	5.05999455890548
6.95163039444332	2.78875611145231
4.99116013482590	7.46617221828201
5.35801055751113	2.36930384112870
4.45183165296042	9.57345281619123
1.23932277598070	6.20260036077771
4.90357293468018	6.00262145507628
8.52998155340816	1.72604501647669
8.73927405861733	0.903467381432246
2.70294332292698	2.55262202643589
2.08461358751314	8.58570531259210
5.64979570738201	9.11067053397794
6.40311825162758	6.99633767225763
4.17028951642886	7.25182355023387
2.05975515532243	2.29886078857497
9.47933121293169	5.76053456321354
0.820712070977259	8.10628105007939
1.05709426581721	4.03843368384066
1.42041121903998	9.88439267199745
1.66460440876421	0.899988149868883
6.20958643935308	3.20941032647761
5.73709764841198	5.11408938819178
0.520778902858696	0.606063665682423
9.31201384608250	7.25687923545844
7.28661681678271	5.56555748561992
7.37841653797590	5.29359902481257
0.634045006928182	8.29982432033195
8.60440563038232	8.58759034071804
9.34405118961213	7.89028923313949
9.84398312240972	3.17833053726229
8.58938816683866	4.52207453762982
7.85558989265031	7.52227970049942
5.13377418587575	1.09861705750686
1.77602460505865	1.09742368593904
3.98589496735843	2.69883663704401
1.33931250987971	5.24637345396311
0.308895487449515	9.72651076977497
9.39141706069548	7.10408685278170
3.01306064586392	3.11859945147533
2.95533834475356	2.91457127647727
3.32936281836175	8.50357337374621
4.67068187028852	9.11647424007853
6.48198406466157	6.39276147276064
0.252281814930363	2.55370297944443
8.42206612419335	0.886658400322831
5.59032544988695	8.38255587537226
8.54099949273443	5.84718619263320
3.47879194327261	9.48108735396022
4.46026648055103	0.610289291925092
0.542394844411296	5.84641303355111
1.77107533789109	2.85108085658642
6.62808061960974	8.27732173448263
3.30828995203305	1.90986440697398
8.98486137834300	4.42529962202884
1.18155198446711	3.93411506367576
9.88417928784981	8.26573979042765
5.39982099037929	6.76871093438419
7.06917419322763	2.07603034379981
9.99491620097705	3.18104726150263
2.87849344815137	1.33810985356126
4.14522538893109	6.71462889478031
4.64839941625137	5.70991075462406
7.63957078491957	1.69767066026489
8.18204038907671	1.47655777151737
1.00221540195492	4.76079718267456
1.78116953886766	9.08102416506950
3.59634913482080	5.52175026715835
0.567046890682912	0.329398927498766
5.21885673661279	0.538629264355561
3.35848974676925	8.05063228558902
1.75669029675661	4.51374854703448
2.08946673993135	3.82646229559959
9.05153559004464	7.89643703689691
6.75391177336247	3.64286869499794
4.68468199903997	5.32349934998910
9.12132474239623	7.11656705981267
1.04011574779379	8.71476517995847
7.45546073701717	3.28689611672229
7.36267455596639	6.50118025397777
5.61861425281637	9.74836148002758
1.84194097515527	0.759673612941356
5.97211350337855	5.87019167082772
2.99936990089789	4.13886497773360
1.34122932828682	3.09136426466267
2.12601533358843	2.63834041526795
8.94941675440814	7.58766265080204
0.714528127870445	9.95215981129752
2.42486558936719	1.86571444141369
0.537543922087138	7.81145268534765
4.41722057064424	1.95797981026732
0.132832004672525	9.92358973179927
8.97191350973572	8.02261569764289
1.96658191367632	4.24226709903306
0.933705167550930	7.28863868051374
3.07366899587920	4.98353582523552
4.56057666843742	8.08990267199045
1.01669393624755	3.56508933481046
9.95389727655092	0.732434344898074
3.32092833452499	5.90991455274849
2.97346815887922	9.10187830728141
0.620452213196326	1.93765936166610
2.98243971887764	4.32367791534398
0.463512648981808	7.49159729068009
5.05428142457703	0.391844866475830
7.61425886690113	9.46324989805483
6.31069999213594	7.63673323663761
0.898916507760917	5.58820550509560
0.808624231303137	1.83842944465775
7.77240536548943	4.97948815018947
9.05134744223571	5.17845600234051
5.33771951767000	9.94243010644050
1.09154212042459	8.54851683090675
8.25808857855598	9.62403939711971
3.38097718802172	6.78941008977033
2.93973053026484	4.03501388804361
7.46313427703679	9.34979086178052
0.103366183433964	4.79484545632482
0.484473392532221	2.31791611663117
6.67916121573624	3.96290248509775
6.03467983830770	7.05077475112789
5.26102465795561	5.58559034560550
7.29709448223228	7.56630700894368
7.07253485315422	9.95481058555258
7.81377051799277	9.62431404366634
2.87976975614171	5.35067105256157
6.92531986386519	9.63870129971715
5.56669834964013	1.15625879181259
3.96520792581593	0.514482932302053
0.615906670539647	3.04348945636573
7.80175531491174	5.80191833142712
3.37583864052045	5.30964452338282
6.07865907262946	9.01208092653144
7.41254049502218	5.40550425170244
1.04813241973500	4.31980610856683
1.27888379782995	5.42666987436342
5.49540107015198	7.12414805789522
4.85229408584959	0.166747129402325
8.90475679184438	8.00920882057848
7.98960278812879	1.42509324923791
7.34341083695970	4.78474472902863
0.513318861123711	2.56835354179634
0.728852990989761	3.69091688824861
0.885274596747204	6.61764913365414
7.98350864113952	1.69608813454314
9.43008139570703	2.78784020439019
6.83715572408358	1.98221794513839
1.32082955713563	1.95071533284261
7.22724539656766	3.26839648349976
1.10353480642349	8.80337860379200
1.17492852151833	4.71101865015748
6.40717922965926	4.03969372170941
3.28814214756803	1.79231476423447
6.53812022595774	9.68924996147292
7.49131463103519	4.07455737802620
5.83185731454876	8.44487396483448
7.40032327987778	6.15325097130850
2.34826914747904	3.76611078032737
7.34957541696052	8.77181749337097
9.70598525086615	7.84852427283024
8.66930291751916	4.64954283314534
0.862345298634963	8.13976926820934
3.66436616319199	8.98444137180120
3.69198804330018	4.29238543114827
6.85028472661609	3.34329419622220
5.97941635383889	5.96647104445246
7.89363943641905	9.01990808706562
3.67652918437877	7.02066449359676
2.06027859505195	3.77455102070865
0.866665473955323	7.34955925430015
7.71933917099107	9.54102786471214
2.05674521464760	5.42813113103551
3.88271631047802	5.40105832359366
5.51778531957227	3.11109639604002
2.28953252023100	0.712345719245837
6.41940620399187	1.81980467169022
4.84480372398180	0.929889268706780
1.51845525116267	4.63489247762243
7.81931966588002	0.0933251202776941
1.00606322362422	9.15025911735790
2.94066333758628	6.42741739133104
2.37373019705579	0.0141905820240296
5.30872257027928	0.303852724949177
0.914987313394122	2.08470223305320
4.05315419880591	4.54966145002097
1.04846247115757	1.27266033325133
1.12283962156027	0.0864768787809034
7.84427890743913	7.27079601148527
2.91570317906931	3.54116466056586
6.03533438750887	7.80445946096025
9.64422667215901	4.36656641635291
4.32484993970361	4.36554782372268
6.94752194617940	0.492131803564864
7.58099275289454	0.496319015193902
4.32642326147101	0.911001754130539
6.55498039803537	5.94037031444121
1.09755050723052	2.41084055169022
9.33759848385332	8.41369101972144
1.87460806421687	8.57212764090606
2.66178838907639	9.63612200951355
7.97830260211597	4.88899786160604
4.87603775433924	2.20310100568633
7.68958264058869	2.26208640841286
3.96006745217875	5.36787804512826
2.72938794123691	7.62109709211147
0.372346340703280	3.47567150448759
6.73294914108653	4.61231759391499
4.29564459251853	6.39323762199356
4.51739234904736	9.17336040866845
6.09857169290216	1.61572573890331
0.594032968582772	7.15635404167474
3.15811438338866	5.77738876192409
7.72722130862935	4.33298977209119
6.96432989006095	8.84242782631094
1.25332181109180	3.93051755376913
1.30151450389424	1.78975152627732
0.923523387192016	6.33333580320122
0.0782029356933489	6.24000554312344
4.23109385164167	3.27941596973249
6.55573174937914	8.02965315958237
7.22922524692024	9.99477858635892
5.31209293582439	9.80978160932146
1.08817938273045	1.27036942194857
6.31766373528489	2.32240145961793
1.26499865329303	0.236324666582251
1.34303304313575	6.07432610401855
0.985940927109977	1.10809321287150
1.42027248431928	4.07459507878399
1.68251298491528	8.84076806661962
1.96248922256955	5.48132777476588
3.17479775149435	3.69003076711617
3.16428999146291	2.08345982813347
2.17563309422821	4.40943276524324
2.51041846015736	9.56196152175878
8.92922405285977	1.24025916648043
7.03223224556291	4.70763245866957
5.55737942719387	8.56896327782193
1.84433667757653	0.433904715669532
2.12030842532321	6.91625145201306
0.773468081126768	9.78985466675039
9.13800410779568	2.83267898492137
7.06715217696931	1.33780499994423
5.57788966754876	6.85279684412687
3.13428989936591	9.09454555749395
1.66203562902151	6.10868982383243
6.22497259279895	8.99982796432861
9.87934734952495	1.93433751939092
1.70432023056883	7.54424581488250
2.57792250572013	3.46260716664775
3.96799318633144	4.18625414302713
0.739947695769380	1.55719830354892
6.84096066962009	8.19000583926841
4.02388332696162	6.24923527846277
9.82835201393951	7.38560421610648
4.02183985222485	8.05112420706954
6.20671947199578	0.672226575631786
1.54369805479272	9.50790316505566
3.81345204444472	4.97577011022161
1.61133971849361	7.55145904700522
7.58112431327419	7.42405070676942
8.71111121915389	8.31129575710113
3.50776744885893	1.56501846750202
6.85535708747537	4.57308720551409
2.94148633767850	6.18100496094381
5.30629303856886	9.32183355047051
8.32423386285184	8.35088235559351
5.97490191872579	8.95423516342350
3.35311330705246	5.82518524668030
2.99225023333107	5.82746806361791
4.52592541569324	8.54925938969955
4.22645653220462	0.348657000479308
3.59606317972236	8.85420095484803
5.58319199869297	4.07730811355982
7.42545365701939	0.363820304478321
4.24334783625691	7.46147942737720
4.29355788576205	1.54828770751106
1.24872758719813	1.43908328674868
0.244340160503740	6.05959053323747
2.90185265130727	2.54480844051369
3.17520582899226	3.24154205005822
6.53690133966475	4.01790917846999
9.56935924070684	4.06373321401127
9.35730872784881	3.86191138560912
4.57886333854367	6.09801823837955
2.40478396832085	1.66890722666246
7.63897944286478	1.88092073195248
7.59327383131096	0.946288698621655
7.40648064978614	3.23186272761264
7.43688341487326	7.69596929272335
1.05920416732765	2.34118002458998
6.81560430470316	7.40365469624262
4.63260578593719	6.92818413831729
2.12163205254934	8.24078213366380
0.985187376881084	8.27977549139487
8.23574473927839	2.93367934008392
1.75009737382080	3.09369242422749
1.63569909784993	5.23029798441993
6.65987216411111	3.25298992494426
8.94389375354243	8.31842510486068
5.16558208351270	8.10294790743841
7.02702306950475	5.56998261278609
1.53590376619400	2.62964033730157
9.53457069886248	6.80566202304450
5.40884081241476	2.33653145442385
6.79733898210467	4.56425364613112
0.365630180484529	3.84566894511524
8.09203851293793	5.38601438698022
7.48618871776197	9.91703720961955
1.20187017987081	7.55220401677830
5.25045164762609	9.80454849430374
3.25833628763249	2.34782640662848
5.46449439903069	5.28559088552665
3.98880752383199	0.514360535669078
4.15093386613047	7.56875470984622
1.80737760254794	6.01979766275510
2.55386740488051	8.57168709122209
0.205357746581846	9.88277139258114
9.23675612620407	9.29484472425617
6.53699889008253	4.09514933438815
9.32613572048564	0.00341462218138910
1.63512368527526	5.40878322763043
9.21097255892198	2.07730621996059
7.94657885388753	2.19283588182430
5.77394196706649	3.25806262734222
4.40035595760254	0.959494166075845
2.57613736712438	7.47533661738303
7.51946393867450	7.48508957393292
2.28669482105501	5.43299433085109
0.641870873918986	3.38132316524053
7.67329510776574	8.32333661620528
6.71202185356536	5.52572178025958
7.15212514785840	9.57543116962021
6.42060828433852	8.92833319318002
4.19048293624883	3.56503617127004
3.90762082204175	5.46401892991887
8.16140102875323	3.46681751254949
3.17427863655850	6.22802790659130
8.14539772900651	7.96624685308396
7.89073514938958	7.45874901540650
8.52263890343846	1.25536231354820
5.05636617571756	8.22394006759020
6.35661388861377	0.251505014285022
9.50894415378135	4.14428880924032
4.43964155018810	7.31407467972937
0.600188197794760	7.81374000275963
8.66749896999319	3.67285915131369